% possible z values
z = [100 500 500 1000];

% r(1) values corresponding to z
r_1 = [1000 1000 5000 5000];

% query rate
q = 1.33;

% number of nodes in network
n = 5000000;

